02 2015-10-18T23:11:29.352 7.31491136551  0.0696601937229
02 2015-10-18T23:14:03.584 12.340546608  0.0813671640798
02 2015-10-18T23:14:08.202 11.7096586227  0.0659205704043
02 2015-10-18T23:14:08.202 8.53381633759  0.0659205704043
02 2015-10-18T23:16:40.209 15.7455596924  0.077021116445
02 2015-10-18T23:17:40.991 15.9371948242  0.0644461117183
02 2015-10-18T23:18:21.412 10.6906957626  0.0798518691167
02 2015-10-18T23:19:34.431 10.9842681885  0.0556072097212
02 2015-10-18T23:21:15.365 7.78485393524  0.0790240040213
02 2015-10-18T23:21:34.479 7.69455480576  0.0610429062575
02 2015-10-18T23:21:42.604 9.85289478302  0.0743887428472
02 2015-10-18T23:21:58.347 26.7632217407  0.0618187193861
03 2015-10-18T23:24:57.627 13.3674173355  0.0766945605834
03 2015-10-18T23:25:08.313 7.16718482971  0.0574402013143
03 2015-10-18T23:27:06.743 7.18091201782  0.067766839386
03 2015-10-18T23:27:23.667 21.5863056183  0.0874257405976
03 2015-10-18T23:28:34.192 12.112326622  0.0831390480583
03 2015-10-18T23:29:22.278 7.83647346497  0.466784725079
03 2015-10-18T23:29:31.212 7.20620298386  0.477631115174
03 2015-10-18T23:30:59.961 13.6547460556  0.0551037689433
03 2015-10-18T23:31:38.461 9.86992168427  0.0874911664908
03 2015-10-18T23:31:40.955 7.43626832962  0.0674651786278
03 2015-10-18T23:33:00.313 8.35808563232  0.0779979149804
03 2015-10-18T23:34:42.662 17.3586750031  0.0746798339317
05 2015-10-18T23:39:43.405 16.3291912079  0.0679029290224
05 2015-10-18T23:39:46.844 7.96090459824  0.0795618968591
05 2015-10-18T23:40:57.908 11.1409683228  0.0636537118122
05 2015-10-18T23:41:53.277 25.9790878296  0.484143464757
05 2015-10-18T23:42:00.840 7.30784130096  0.826775503916
05 2015-10-18T23:42:32.470 7.76055622101  0.0730843551571
05 2015-10-18T23:43:53.008 16.5904045105  0.0860825334748
05 2015-10-18T23:45:19.681 15.1059131622  0.0826531369244
05 2015-10-18T23:45:26.558 8.85106277466  0.0763429073508
05 2015-10-18T23:46:10.046 27.1419334412  0.0685836788669
05 2015-10-18T23:47:12.817 9.27404499054  0.05588312525
05 2015-10-18T23:47:12.817 13.6108541489  0.05588312525
05 2015-10-18T23:47:20.315 11.1314754486  0.470384797982
05 2015-10-18T23:47:20.807 11.0152645111  0.0646763375084
05 2015-10-18T23:47:28.595 15.9164304733  0.0814857727145
05 2015-10-18T23:48:10.119 8.48702335358  0.815284948216
05 2015-10-18T23:48:24.725 10.211186409  0.0756373342757
05 2015-10-18T23:48:30.018 9.9259223938  0.0828259926548
05 2015-10-18T23:49:17.214 41.913608551  0.0661440499003
05 2015-10-18T23:49:17.214 16.5231571198  0.0661440499003
05 2015-10-18T23:50:30.066 22.9152355194  0.0878904956778
06 2015-10-18T23:51:50.097 7.89264154434  0.0616101241415
06 2015-10-18T23:53:21.355 8.76090145111  0.0637756241769
06 2015-10-18T23:53:33.491 10.7617645264  0.0560796974917
06 2015-10-18T23:54:30.363 8.68856525421  0.0602441025039
06 2015-10-18T23:55:04.345 7.70931386948  0.0742867182458
06 2015-10-18T23:55:38.899 21.2890777588  0.0556859388113
06 2015-10-18T23:55:51.407 10.6769504547  0.0827160317043
06 2015-10-18T23:56:21.727 8.03486061096  0.470219897748
06 2015-10-18T23:57:46.532 17.4485149384  0.0558451232562
06 2015-10-18T23:57:54.927 8.42750263214  0.0782194200392
06 2015-10-18T23:57:58.716 7.01046228409  0.471999546662
06 2015-10-19T00:02:37.095 10.992351532  0.0771939648742
06 2015-10-19T00:03:11.663 18.4907398224  0.473827653322
06 2015-10-19T00:03:32.888 7.13889169693  0.0747339300831
06 2015-10-19T00:03:44.923 16.318479538  0.0710319252491
08 2015-10-19T00:09:29.559 15.7806243896  0.0690262606973
08 2015-10-19T00:09:55.551 7.54241371155  0.0742366520256
08 2015-10-19T00:10:30.544 9.04533672333  0.077703713344
08 2015-10-19T00:12:18.624 14.988861084  0.0735990647435
08 2015-10-19T00:13:06.158 7.07719326019  0.0829219239573
08 2015-10-19T00:13:20.788 11.5838804245  0.0551597231964
08 2015-10-19T00:14:31.550 9.18529605865  0.0806770102615
08 2015-10-19T00:16:35.845 9.92756843567  0.0648950634758
08 2015-10-19T00:17:13.501 7.40053129196  0.0613363348717
08 2015-10-19T00:17:47.415 89.306854248  0.0582361544942
08 2015-10-19T00:18:03.294 30.3416996002  0.079773196201
09 2015-10-19T00:20:29.468 13.2739553452  0.0644717486093
09 2015-10-19T00:21:01.090 8.38626289368  0.0733278072367
09 2015-10-19T00:21:01.090 7.71587228775  0.0733278072367
09 2015-10-19T00:21:35.071 8.37426567078  0.0576115205233
09 2015-10-19T00:21:58.535 8.01769065857  0.0743117545346
09 2015-10-19T00:22:00.962 38.3851890564  0.0668182411636
09 2015-10-19T00:22:00.962 20.0950241089  0.0668182411636
09 2015-10-19T00:22:09.794 27.0918102264  0.0519685070415
09 2015-10-19T00:22:11.817 9.93213653564  0.0605623345365
09 2015-10-19T00:22:45.866 9.12011241913  0.0619443993747
09 2015-10-19T00:23:56.897 14.6819295883  0.0667879617383
09 2015-10-19T00:24:27.845 7.05124473572  0.0826581584235
09 2015-10-19T00:27:05.886 9.37069129944  0.0801109253143
09 2015-10-19T00:28:02.353 9.73908233643  0.0704809542899
09 2015-10-19T00:29:47.669 12.286318779  0.0771230440145
09 2015-10-19T00:31:07.869 9.74702644348  0.0635023975198
11 2015-10-19T00:35:23.034 7.3840045929  0.0666818656574
11 2015-10-19T00:35:34.934 25.086359024  0.0584289761946
11 2015-10-19T00:35:39.688 26.4808349609  0.0771456939906
11 2015-10-19T00:35:39.688 8.23080921173  0.0771456939906
11 2015-10-19T00:36:52.101 22.087638855  0.0763785102968
11 2015-10-19T00:37:12.260 11.6985445023  0.0562236879478
11 2015-10-19T00:37:14.418 13.0536928177  0.0693697132284
11 2015-10-19T00:37:15.126 7.23660707474  0.070879075784
11 2015-10-19T00:37:26.419 17.8691654205  0.0570786277786
11 2015-10-19T00:38:03.367 26.1320571899  0.0519104790548
11 2015-10-19T00:39:57.583 10.3403434753  0.0606222484166
11 2015-10-19T00:40:46.600 14.8840265274  0.0603017609879
11 2015-10-19T00:41:06.659 10.7285223007  0.0738223365118
11 2015-10-19T00:41:36.763 8.95337200165  0.0539083528494
11 2015-10-19T00:42:01.609 20.2423629761  0.0650273795615
11 2015-10-19T00:42:23.353 11.4933977127  0.0610240167717
11 2015-10-19T00:45:27.892 8.18019104004  0.072806534343
11 2015-10-19T00:45:27.892 15.6681976318  0.072806534343
12 2015-10-19T00:47:13.915 58.3786468506  0.0510394191489
12 2015-10-19T00:48:08.899 12.5777082443  0.0507644023736
12 2015-10-19T00:48:08.899 14.2999172211  0.0507644023736
12 2015-10-19T00:49:48.585 7.88205528259  0.0534946304555
12 2015-10-19T00:50:03.688 7.57909297943  0.0563543566098
12 2015-10-19T00:50:40.974 26.2078533173  0.0772858715857
12 2015-10-19T00:51:20.888 9.29464626312  0.0530165462082
12 2015-10-19T00:51:20.888 7.97903347015  0.0530165462082
12 2015-10-19T00:51:56.084 10.6361913681  0.0779294232989
12 2015-10-19T00:52:53.765 9.72393035889  0.0791747129629
12 2015-10-19T00:53:37.455 10.6958351135  0.0630323036571
12 2015-10-19T00:54:22.123 7.40490913391  0.0574518495386
12 2015-10-19T00:54:39.788 7.70554208755  0.0573275701433
12 2015-10-19T00:54:59.880 41.6462593079  0.049725070633
12 2015-10-19T00:54:59.881 14.2262592316  0.0793754805356
12 2015-10-19T00:55:15.557 8.33547878265  0.0792029438178
12 2015-10-19T00:55:49.673 8.55377960205  0.0678895834391
12 2015-10-19T00:55:52.572 8.66617298126  0.0613991673057
12 2015-10-19T00:56:18.126 7.07493400574  0.074030991291
12 2015-10-19T00:56:27.734 7.77655506134  0.0777254979094
12 2015-10-19T00:56:31.880 10.1664876938  0.0612354146207
12 2015-10-19T00:56:54.501 8.27766418457  0.0717909882401
12 2015-10-19T00:56:55.579 9.0516166687  0.0486709555
12 2015-10-19T00:56:58.040 7.51896429062  0.0497310710276
12 2015-10-19T00:57:38.528 16.350484848  0.0520826409976
12 2015-10-19T00:58:18.308 24.4451141357  0.0529230956867
14 2015-10-19T01:06:13.376 7.58248090744  0.0747074626977
14 2015-10-19T01:06:28.344 8.66770267487  0.072977482973
14 2015-10-19T01:06:34.681 7.25919866562  0.0484538568268
14 2015-10-19T01:07:48.645 7.10571861267  0.0549512905305
14 2015-10-19T01:08:15.278 14.7975177765  0.0740694382499
14 2015-10-19T01:08:55.799 11.5287866592  0.0552717555786
14 2015-10-19T01:10:22.270 11.4527845383  0.0589509308353
14 2015-10-19T01:11:35.526 9.52928543091  0.0638762681186
14 2015-10-19T01:12:43.321 19.3150997162  0.078240797922
14 2015-10-19T01:13:03.581 10.7273674011  0.0540044414133
14 2015-10-19T01:13:09.616 16.2464141846  0.0712062151735
14 2015-10-19T01:14:18.219 8.64512252808  0.0533751969705
14 2015-10-19T01:14:29.074 8.40839672089  0.047042973123
14 2015-10-19T01:15:01.910 14.2809028625  0.066752804025
14 2015-10-19T01:15:26.992 7.05342721939  0.0783035324911
14 2015-10-19T01:16:01.141 7.3927731514  0.0457550673624
14 2015-10-19T01:16:05.760 12.9268045425  0.0598900793403
14 2015-10-19T01:16:45.810 11.2475910187  0.069685211123
14 2015-10-19T01:17:00.441 35.3761100769  0.0714757552445
14 2015-10-19T01:17:31.725 8.15024185181  0.0539571045309
14 2015-10-19T01:17:37.793 14.0167160034  0.050042804948
15 2015-10-19T01:19:58.001 8.95830154419  0.0631261932443
15 2015-10-19T01:22:21.849 29.0831413269  0.050080451558
15 2015-10-19T01:22:36.716 11.8897600174  0.0523785378327
15 2015-10-19T01:22:42.279 7.19018411636  0.0685599327336
15 2015-10-19T01:23:57.220 76.4401702881  0.0557725907778
15 2015-10-19T01:25:55.009 7.10526561737  0.0502740497092
15 2015-10-19T01:26:04.584 7.00391054153  0.0750671040585
15 2015-10-19T01:26:20.057 11.8612089157  0.053194279774
15 2015-10-19T01:26:36.306 10.2515964508  0.0499547064538
15 2015-10-19T01:27:20.165 11.5276851654  0.0466977896909
15 2015-10-19T01:27:24.717 8.66725730896  0.0733994007592
15 2015-10-19T01:27:33.313 10.4339704514  0.0579782637109
15 2015-10-19T01:28:04.429 7.6644320488  0.0569690583383
15 2015-10-19T01:28:06.081 10.8926677704  0.060523441268
15 2015-10-19T01:28:50.783 15.8452949524  0.063289860566
15 2015-10-19T01:28:53.696 15.2275981903  0.472077202974
15 2015-10-19T01:28:53.696 7.34847307205  0.472077202974
15 2015-10-19T01:29:42.666 7.06452655792  0.0772165185009
15 2015-10-19T01:29:52.509 8.4482755661  0.0517341370955
15 2015-10-19T01:29:54.600 7.14464235306  0.0774119942635
15 2015-10-19T01:30:20.794 8.59462451935  0.0743217618674
15 2015-10-19T01:30:59.124 10.7311792374  0.0633778562839
17 2015-10-19T01:34:54.972 8.52764892578  0.0611296382566
17 2015-10-19T01:35:58.654 55.0023651123  0.0706663930078
17 2015-10-19T01:37:19.191 9.42752075195  0.052817217268
17 2015-10-19T01:37:19.191 14.8925571442  0.052817217268
17 2015-10-19T01:38:16.313 11.3296394348  0.472006181443
17 2015-10-19T01:41:38.334 13.5410575867  0.0537029225027
17 2015-10-19T01:42:31.464 7.23763561249  0.0574974195917
17 2015-10-19T01:43:01.636 11.7687101364  0.0544245925233
17 2015-10-19T01:44:07.071 11.9877090454  0.0633988570174
17 2015-10-19T01:44:15.701 8.6062002182  0.0564945616181
17 2015-10-19T01:44:17.690 12.1341629028  0.0565273040538
17 2015-10-19T01:44:31.343 7.46802616119  0.0476730928391
17 2015-10-19T01:44:40.311 7.25285243988  0.0669009708166
17 2015-10-19T01:45:05.089 7.48203516006  0.0607218027711
17 2015-10-19T01:45:19.037 9.02486610413  0.802500884895
17 2015-10-19T01:45:43.858 11.042350769  0.0718435959066
17 2015-10-19T01:45:53.297 7.22058439255  0.0624034327805
17 2015-10-19T01:45:53.297 12.4707927704  0.0624034327805
18 2015-10-19T01:46:43.662 7.55193948746  0.047527168106
18 2015-10-19T01:46:47.000 11.9794826508  0.0631648399909
18 2015-10-19T01:47:12.082 9.72162723541  0.0745723636414
18 2015-10-19T01:47:12.082 9.17296695709  0.0745723636414
18 2015-10-19T01:48:36.698 8.20551586151  0.052615008459
18 2015-10-19T01:49:09.702 38.4949302673  0.0555763151333
18 2015-10-19T01:49:09.702 15.1095571518  0.0555763151333
18 2015-10-19T01:49:13.638 12.4627189636  0.809765016708
18 2015-10-19T01:49:30.671 9.88893222809  0.0624108493576
18 2015-10-19T01:50:32.094 10.4972906113  0.0627217063958
18 2015-10-19T01:52:37.199 8.05791282654  0.0724280151223
18 2015-10-19T01:54:45.978 9.60338115692  0.0645333911474
18 2015-10-19T01:54:45.978 8.70884132385  0.0645333911474
18 2015-10-19T01:54:49.113 7.08500289917  0.058562931705
18 2015-10-19T01:55:06.340 8.66432571411  0.0658122270937
18 2015-10-19T01:55:23.533 8.27665710449  0.064522780775
18 2015-10-19T01:56:17.160 9.06466960907  0.810795377224
18 2015-10-19T01:56:47.399 8.33211135864  0.795085578468
18 2015-10-19T01:57:05.107 16.8904705048  0.0703256430621
18 2015-10-19T01:57:05.410 8.69909286499  0.0582428001384
18 2015-10-19T01:57:14.580 7.63085794449  0.0694338012194
18 2015-10-19T01:57:51.730 11.2625551224  0.0558249653146
18 2015-10-19T01:58:02.451 8.87915706635  0.0745453206326
18 2015-10-19T01:58:42.433 11.7204704285  0.0669895345633
20 2015-10-19T02:01:37.633 7.21087837219  0.0524948386182
20 2015-10-19T02:02:36.764 7.37034511566  0.0647220516955
20 2015-10-19T02:02:36.764 42.3772392273  0.0647220516955
20 2015-10-19T02:02:56.384 10.2640390396  0.0559114028623
20 2015-10-19T02:03:12.330 13.4816741943  0.0646394995282
20 2015-10-19T02:03:40.142 8.97751617432  0.0563995985895
20 2015-10-19T02:04:48.847 9.33792972565  0.0637485209291
20 2015-10-19T02:05:07.827 9.7092218399  0.0704801822811
20 2015-10-19T02:06:52.280 7.93263244629  0.476364750401
20 2015-10-19T02:06:58.031 9.62030792236  0.0691979254325
20 2015-10-19T02:07:35.566 8.46587371826  0.475817593456
20 2015-10-19T02:08:29.086 9.66716861725  0.0480448271001
20 2015-10-19T02:10:28.291 8.72548961639  0.0447593807702
20 2015-10-19T02:10:43.529 9.63101100922  0.0519691937417
20 2015-10-19T02:10:57.452 7.92980718613  0.0521156259855
20 2015-10-19T02:11:32.378 23.4009666443  0.0675635217319
20 2015-10-19T02:11:32.378 8.77341270447  0.0675635217319
20 2015-10-19T02:12:19.878 9.71248531342  0.0675513016502
20 2015-10-19T02:13:46.551 9.56289672852  0.0623690721954
21 2015-10-19T02:14:45.445 10.551445961  0.0443443590517
21 2015-10-19T02:15:09.757 11.1395816803  0.214998564315
21 2015-10-19T02:16:08.848 14.4010410309  0.0406091803049
21 2015-10-19T02:16:27.626 20.9477863312  0.0553811597904
21 2015-10-19T02:17:06.664 10.5811691284  0.0456955899383
21 2015-10-19T02:17:07.945 8.08341217041  0.044192721423
21 2015-10-19T02:17:16.812 15.6763896942  0.0673862090533
21 2015-10-19T02:17:28.577 7.69388055801  0.0544303527713
21 2015-10-19T02:17:50.591 7.33611392975  0.0591536159789
21 2015-10-19T02:19:51.145 8.98855113983  0.0713207961842
22 2015-10-19T02:20:31.314 7.66636037827  0.610641922136
22 2015-10-19T02:20:31.674 7.31326436996  0.289373245442
22 2015-10-19T02:20:38.784 7.01377868652  0.194429518254
22 2015-10-19T02:20:38.874 7.0716176033  0.864105717594
22 2015-10-19T02:21:42.933 7.31373310089  0.0561997503241
22 2015-10-19T02:22:22.545 9.24259376526  0.0731567244286
22 2015-10-19T02:22:47.424 9.36581134796  0.0627976875901
22 2015-10-19T02:23:08.157 7.04630947113  0.0690068068435
22 2015-10-19T02:24:16.749 7.61319828033  0.72416865485
22 2015-10-19T02:25:10.666 8.17709350586  0.0725039492756
22 2015-10-19T02:26:14.246 7.28835630417  0.0559392822032
24 2015-10-19T02:29:29.249 9.82173538208  0.460136674034
24 2015-10-19T02:29:55.531 25.3616218567  0.0671841402173
24 2015-10-19T02:30:20.444 20.4345741272  0.065333524017
24 2015-10-19T02:31:48.263 7.45813035965  0.0539278646976
24 2015-10-19T02:32:25.818 30.288690567  0.0536756357218
24 2015-10-19T02:32:25.818 10.1295928955  0.0536756357218
24 2015-10-19T02:33:04.688 8.9450750351  0.0604779669255
24 2015-10-19T02:34:01.405 9.93288898468  0.465596987874
24 2015-10-19T02:34:34.530 10.8401632309  0.0575631466568
24 2015-10-19T02:35:19.569 8.33698558807  0.0563561576198
24 2015-10-19T02:35:26.143 43.3341445923  0.0619150696839
24 2015-10-19T02:35:30.525 7.55457401276  0.0458540180395
24 2015-10-19T02:36:11.418 8.41777420044  0.0612186654309
24 2015-10-19T02:36:42.332 8.71038150787  0.0679313664541
24 2015-10-19T02:36:46.815 11.8412456512  0.0478588831708
24 2015-10-19T02:36:46.815 12.3759422302  0.0478588831708
24 2015-10-19T02:38:39.123 7.7817864418  0.457303311317
24 2015-10-19T02:38:52.965 7.40560293198  0.0546727070078
24 2015-10-19T02:40:58.946 7.19052219391  0.0483532869394
24 2015-10-19T02:41:21.567 16.2851390839  0.058529015998
25 2015-10-19T02:42:25.653 16.3084640503  0.051320163629
25 2015-10-19T02:42:41.127 17.2588939667  0.0589702651565
25 2015-10-19T02:42:41.127 7.47638845444  0.0589702651565
25 2015-10-19T02:42:55.050 8.35945892334  0.059047095939
25 2015-10-19T02:43:32.841 8.49386024475  0.0592189616665
25 2015-10-19T02:44:06.081 28.9703788757  0.0624158354153
25 2015-10-19T02:45:19.842 7.80122947693  0.046195091637
25 2015-10-19T02:45:35.678 13.1501922607  0.791868778353
25 2015-10-19T02:46:42.571 7.56322002411  0.049101798521
25 2015-10-19T02:47:07.585 10.0768709183  0.0432010384043
25 2015-10-19T02:47:53.130 7.25363636017  0.051448444581
25 2015-10-19T02:48:04.592 12.0312538147  0.0504947581987
25 2015-10-19T02:50:01.673 22.2415847778  0.0419571069544
25 2015-10-19T02:50:01.673 12.5963010788  0.0419571069544
25 2015-10-19T02:50:46.712 14.4146366119  0.0406401035835
25 2015-10-19T02:51:40.854 7.05705499649  0.0629528540169
25 2015-10-19T02:52:35.366 12.2673130035  0.060650406236
25 2015-10-19T02:53:52.229 11.4385929108  0.0594437801222
25 2015-10-19T02:53:52.229 12.3118047714  0.0594437801222
25 2015-10-19T02:54:06.320 7.22338581085  0.0428835380336
