2015-10-18T23:14:03.584 2015-10-18T23:14:08.202 02 02 4.618 0.0813765118972 0.0659299695157
2015-10-18T23:21:34.479 2015-10-18T23:21:42.604 02 02 8.125 0.0610572623499 0.0744031891874
2015-10-18T23:29:22.278 2015-10-18T23:29:31.212 03 03 8.934 0.466804277207 0.477650766535
2015-10-18T23:31:38.461 2015-10-18T23:31:40.955 03 03 2.494 0.0875122312581 0.0674862710969
2015-10-18T23:39:43.405 2015-10-18T23:39:46.844 05 05 3.439 0.0679293802609 0.079588386296
2015-10-18T23:41:53.277 2015-10-18T23:42:00.840 05 05 7.563 0.484171358536 0.826803481701
2015-10-18T23:45:19.681 2015-10-18T23:45:26.558 05 05 6.877 0.0826833233178 0.0763731701298
2015-10-18T23:47:12.817 2015-10-18T23:47:20.315 05 05 7.498 0.0559145682912 0.470416324306
2015-10-18T23:47:12.817 2015-10-18T23:47:20.807 05 05 7.99 0.0559145682912 0.0647078692978
2015-10-18T23:47:12.817 2015-10-18T23:47:20.315 05 05 7.498 0.0559145682912 0.470416324306
2015-10-18T23:47:12.817 2015-10-18T23:47:20.807 05 05 7.99 0.0559145682912 0.0647078692978
2015-10-18T23:47:20.315 2015-10-18T23:47:20.807 05 05 0.492 0.470416324306 0.0647078692978
2015-10-18T23:47:20.315 2015-10-18T23:47:28.595 05 05 8.28 0.470416324306 0.0815173910084
2015-10-18T23:47:20.807 2015-10-18T23:47:28.595 05 05 7.788 0.0647078692978 0.0815173910084
2015-10-18T23:48:24.725 2015-10-18T23:48:30.018 05 05 5.293 0.0756695760285 0.082858293199
2015-10-18T23:57:46.532 2015-10-18T23:57:54.927 06 06 8.395 0.0558836052289 0.0782579952585
2015-10-18T23:57:54.927 2015-10-18T23:57:58.716 06 06 3.789 0.0782579952585 0.472038163967
2015-10-19T00:21:58.535 2015-10-19T00:22:00.962 09 09 2.427 0.074366364498 0.0668728780846
2015-10-19T00:21:58.535 2015-10-19T00:22:00.962 09 09 2.427 0.074366364498 0.0668728780846
2015-10-19T00:22:00.962 2015-10-19T00:22:09.794 09 09 8.832 0.0668728780846 0.0520232420632
2015-10-19T00:22:00.962 2015-10-19T00:22:09.794 09 09 8.832 0.0668728780846 0.0520232420632
2015-10-19T00:22:09.794 2015-10-19T00:22:11.817 09 09 2.023 0.0520232420632 0.0606170920285
2015-10-19T00:35:34.934 2015-10-19T00:35:39.688 11 11 4.754 0.0584926542352 0.0772094248359
2015-10-19T00:35:34.934 2015-10-19T00:35:39.688 11 11 4.754 0.0584926542352 0.0772094248359
2015-10-19T00:37:12.260 2015-10-19T00:37:14.418 11 11 2.158 0.0562884470281 0.0694344962785
2015-10-19T00:37:12.260 2015-10-19T00:37:15.126 11 11 2.866 0.0562884470281 0.0709438666981
2015-10-19T00:37:14.418 2015-10-19T00:37:15.126 11 11 0.708 0.0694344962785 0.0709438666981
2015-10-19T00:55:49.673 2015-10-19T00:55:52.572 12 12 2.899 0.0679667540822 0.0614763701492
2015-10-19T00:56:18.126 2015-10-19T00:56:27.734 12 12 9.608 0.0741084779732 0.0778030913116
2015-10-19T00:56:27.734 2015-10-19T00:56:31.880 12 12 4.146 0.0778030913116 0.0613130540742
2015-10-19T00:56:54.501 2015-10-19T00:56:55.579 12 12 1.078 0.0718688789543 0.048748858188
2015-10-19T00:56:54.501 2015-10-19T00:56:58.040 12 12 3.539 0.0718688789543 0.0498090010509
2015-10-19T00:56:55.579 2015-10-19T00:56:58.040 12 12 2.461 0.048748858188 0.0498090010509
2015-10-19T01:06:28.344 2015-10-19T01:06:34.681 14 14 6.337 0.0730617475959 0.0485381918374
2015-10-19T01:13:03.581 2015-10-19T01:13:09.616 14 14 6.035 0.0540930960951 0.0712949368885
2015-10-19T01:16:01.141 2015-10-19T01:16:05.760 14 14 4.619 0.0458456942756 0.0599807575587
2015-10-19T01:17:31.725 2015-10-19T01:17:37.793 14 14 6.068 0.0540487375977 0.0501345054145
2015-10-19T01:22:36.716 2015-10-19T01:22:42.279 15 15 5.563 0.0524735585591 0.0686550152505
2015-10-19T01:25:55.009 2015-10-19T01:26:04.584 15 15 9.575 0.050371272957 0.0751644336597
2015-10-19T01:27:20.165 2015-10-19T01:27:24.717 15 15 4.552 0.0467959588012 0.0734976204305
2015-10-19T01:27:24.717 2015-10-19T01:27:33.313 15 15 8.596 0.0734976204305 0.0580765788614
2015-10-19T01:28:04.429 2015-10-19T01:28:06.081 15 15 1.652 0.0570677191069 0.0606221203861
2015-10-19T01:28:50.783 2015-10-19T01:28:53.696 15 15 2.913 0.0633890362074 0.472176410971
2015-10-19T01:28:50.783 2015-10-19T01:28:53.696 15 15 2.913 0.0633890362074 0.472176410971
2015-10-19T01:29:42.666 2015-10-19T01:29:52.509 15 15 9.843 0.0773162704281 0.0518339983529
2015-10-19T01:29:52.509 2015-10-19T01:29:54.600 15 15 2.091 0.0518339983529 0.0775118787465
2015-10-19T01:44:07.071 2015-10-19T01:44:15.701 17 17 8.63 0.0635082102441 0.0566040107017
2015-10-19T01:44:15.701 2015-10-19T01:44:17.690 17 17 1.989 0.0566040107017 0.0566367752301
2015-10-19T01:44:31.343 2015-10-19T01:44:40.311 17 17 8.968 0.0477827156648 0.0670106932536
2015-10-19T01:45:43.858 2015-10-19T01:45:53.297 17 17 9.439 0.0719540241861 0.0625139659028
2015-10-19T01:45:43.858 2015-10-19T01:45:53.297 17 17 9.439 0.0719540241861 0.0625139659028
2015-10-19T01:46:43.662 2015-10-19T01:46:47.000 18 18 3.338 0.047638260653 0.0632759696144
2015-10-19T01:49:09.702 2015-10-19T01:49:13.638 18 18 3.936 0.0556890298062 0.809877775099
2015-10-19T01:49:09.702 2015-10-19T01:49:13.638 18 18 3.936 0.0556890298062 0.809877775099
2015-10-19T01:54:45.978 2015-10-19T01:54:49.113 18 18 3.135 0.0646498409752 0.0586794163546
2015-10-19T01:54:45.978 2015-10-19T01:54:49.113 18 18 3.135 0.0646498409752 0.0586794163546
2015-10-19T01:57:05.107 2015-10-19T01:57:05.410 18 18 0.303 0.0704436382526 0.0583607986944
2015-10-19T01:57:05.107 2015-10-19T01:57:14.580 18 18 9.473 0.0704436382526 0.0695519016303
2015-10-19T01:57:05.410 2015-10-19T01:57:14.580 18 18 9.17 0.0583607986944 0.0695519016303
2015-10-19T02:06:52.280 2015-10-19T02:06:58.031 20 20 5.751 0.476489267562 0.0693225064722
2015-10-19T02:17:06.664 2015-10-19T02:17:07.945 21 21 1.281 0.0458269313134 0.0443240770267
2015-10-19T02:17:07.945 2015-10-19T02:17:16.812 21 21 8.867 0.0443240770267 0.0675176631464
2015-10-19T02:20:31.314 2015-10-19T02:20:31.674 22 22 0.36 0.610775536642 0.289506863947
2015-10-19T02:20:31.314 2015-10-19T02:20:38.784 22 22 7.47 0.610775536642 0.194563215733
2015-10-19T02:20:31.314 2015-10-19T02:20:38.874 22 22 7.56 0.610775536642 0.864239416073
2015-10-19T02:20:31.674 2015-10-19T02:20:38.784 22 22 7.11 0.289506863947 0.194563215733
2015-10-19T02:20:31.674 2015-10-19T02:20:38.874 22 22 7.2 0.289506863947 0.864239416073
2015-10-19T02:20:38.784 2015-10-19T02:20:38.874 22 22 0.09 0.194563215733 0.864239416073
2015-10-19T02:35:19.569 2015-10-19T02:35:26.143 24 24 6.574 0.0564996383373 0.0620586234215
2015-10-19T02:35:26.143 2015-10-19T02:35:30.525 24 24 4.382 0.0620586234215 0.0459976204498
2015-10-19T02:36:42.332 2015-10-19T02:36:46.815 24 24 4.483 0.0680757664541 0.0480033329653
2015-10-19T02:36:42.332 2015-10-19T02:36:46.815 24 24 4.483 0.0680757664541 0.0480033329653
